x=[-0.68
-0.70
-0.71
-0.71
-0.71
-0.70
-0.71
-0.70
-0.71
-0.70
-0.65
-0.65
-0.65
-0.65
-0.65
-0.65
-0.65
-0.65
-0.65
-0.65
-0.65
-0.65
-0.65
-0.65
-0.65
-0.65
-0.65
-0.65
-0.65
-0.65
-0.65
-0.65
-0.65
-0.65
-0.65
-0.65
-0.65
-0.65
-0.65
-0.65
-0.65
-0.65
-0.64
-0.64
-0.65
-0.64
-0.64
-0.64
-0.64
-0.65
-0.64
-0.64
-0.64
-0.64
-0.64
-0.64
-0.64
-0.64
-0.64
-0.64
-0.64
-0.64
-0.64
-0.64
-0.64
-0.64
-0.64
-0.64
-0.64
-0.64
-0.64
-0.64
-0.64
-0.64
-0.64
-0.64
-0.64
-0.64
-0.64
-0.64
-0.64
-0.64
-0.64
-0.64
-0.64
-0.64
-0.64
-0.64
-0.63
-0.64
-0.64
-0.64
-0.63
-0.63
-0.64
-0.64
-0.64
-0.64
-0.63
-0.63
-0.64
-0.63
-0.63
-0.63
-0.63
-0.64
-0.63
-0.63
-0.89
-0.42
-0.37
-0.52
-0.65
-0.80
-0.67
-0.50
-0.59
-0.58
-0.54
-0.49
-0.54
-0.13
-0.83
-0.91
-0.56
-0.39
-0.65
-0.74
-0.47
-0.79
-0.53
-0.79
-0.61
-0.61
-0.82
-0.59
-0.70
-0.67
-0.64
-0.58
-0.71
-0.63
-0.75
-0.62
-0.61
-0.63
-0.69
-0.65
-0.85
-0.61
-0.71
-0.74
-0.79
-0.71
-0.63
-0.73
-0.69
-0.79
-0.77
-0.75
-0.73
-0.67
-0.82
-0.77
-0.72
-0.71
-0.69
-0.78
-0.76
-0.74
-0.76
-0.71
-0.78
-0.76
-0.78
-0.75
-0.73
-0.78
-0.77
-0.73
-0.81
-0.71
-0.77
-0.83
-0.70
-0.76
-0.79
-0.77
-0.75
-0.79
-0.73
-0.81
-0.81
-0.77
-0.81
-0.76
-0.84
-0.79
-0.83
-0.83
-0.81
-0.83
-0.78
-0.82
-0.79
-0.88
-0.82
-0.83
-0.87
-0.85
-0.85
-0.83
-0.80
-0.82
-0.87
-0.85
-0.85
-0.85
-0.89
-0.84
-0.91
-0.84
-0.93
-0.84
-0.89
-0.90
-0.81
-0.88
-0.88
-0.85
-0.85
-0.91
-0.88
-0.82
-0.86
-0.91
-0.90
-0.87
-0.81
-0.88
-0.88
-0.95
-0.83
-0.88
-0.84
-0.92
-0.89
-0.93
-0.80
-0.89
-0.99
-0.85
-0.81
-0.79
-0.94
-0.97
-0.86
-0.87
-0.93
-0.86
-0.88
-0.88
-0.91
-0.89
-0.85
-0.94
-0.84
-0.86
-0.89
-0.86
-0.90
-0.82
-0.86
-0.85
-0.85
-0.86
-0.91
-0.86
-0.82
-0.90
-0.81
-0.86
-0.83
-0.85
-0.88
-0.87
-0.85
-0.83
-0.83
-0.85
-0.86
-0.84
-0.83
-0.86
-0.85
-0.87
-0.83
-0.82
-0.84
-0.83
-0.84
-0.83
-0.78
-0.78
-0.76
-0.74
-0.78
-0.79
-0.71
-0.67
-0.83
-0.84
-0.72
-0.75
-0.83
-0.78
-0.72
-0.81
-0.77
-0.72
-0.76
-0.80
-0.73
-0.73
-0.75
-0.73
-0.76
-0.76
-0.70
-0.72
-0.74
-0.68
-0.75
-0.79
-0.73
-0.74
-0.78
-0.72
-0.77
-0.80
-0.74
-0.76
-0.72
-0.71
-0.74
-0.73
-0.61
-0.59
-0.67
-0.73
-0.64
-0.59
-0.69
-0.74
-0.62
-0.62
-0.67
-0.64
-0.63
-0.68
-0.67
-0.62
-0.56
-0.63
-0.64
-0.62
-0.59
-0.61
-0.67
-0.62
-0.59
-0.61
-0.65
-0.58
-0.57
-0.60
-0.59
-0.53
-0.55
-0.55
-0.56
-0.51
-0.51
-0.57
-0.55
-0.55
-0.55
-0.45
-0.36
-0.46
-0.52
-0.45
-0.39
-0.41
-0.40
-0.41
-0.46
-0.49
-0.35
-0.30
-0.45
-0.42
-0.32
-0.35
-0.37
-0.36
-0.36
-0.37
-0.38
-0.42
-0.36
-0.32
-0.39
-0.39
-0.35
-0.37
-0.36
-0.32
-0.31
-0.30
-0.36
-0.47
-0.30
-0.29
-0.24
-0.24
-0.37
-0.40
-0.22
-0.15
-0.28
-0.30
-0.22
-0.19
-0.21
-0.20
-0.20
-0.24
-0.24
-0.12
-0.07
-0.18
-0.21
-0.16
-0.18
-0.14
-0.12
-0.16
-0.19
-0.14
-0.16
-0.14
-0.10
-0.09
-0.10
-0.17
-0.14
0.03
-0.08
-0.16
-0.15
-0.10
-0.05
-0.11
-0.11
-0.08
-0.06
-0.12
-0.06
-0.09
-0.06
-0.04
0.02
0.04
0.01
-0.17
-0.05
0.16
0.05
-0.03
-0.01
0.05
0.09
0.03
-0.02
0.06
0.01
0.10
0.07
0.06
0.05
0.04
0.16
0.06
0.13
0.10
0.09
0.16
0.17
0.12
0.07
0.12
0.18
0.14
0.13
0.15
0.20
0.16
0.14
0.16
0.16
0.17
0.16
0.21
0.18
0.20
0.24
0.19
0.17
0.22
0.19
0.21
0.20
0.28
0.16
0.12
0.29
0.31
0.27
0.22
0.29
0.27
0.23
0.36
0.32
0.29
0.29
0.29
0.33
0.35
0.33
0.36
0.35
0.33
0.27
0.37
0.43
0.37
0.39
0.36
0.38
0.48
0.33
0.30
0.51
0.47
0.37
0.34
0.42
0.47
0.41
0.44
0.51
0.44
0.43
0.49
0.53
0.44
0.42
0.48
0.56
0.47
0.46
0.53
0.52
0.49
0.51
0.47
0.50
0.53
0.53
0.50
0.50
0.54
0.55
0.54
0.57
0.48
0.52
0.52
0.49
0.61
0.61
0.57
0.57
0.53
0.63
0.61
0.59
0.67
0.63
0.60
0.62
0.64
0.64
0.58
0.63
0.67
0.58
0.63
0.63
0.64
0.73
0.65
0.59
0.66
0.68
0.75
0.64
0.64
0.71
0.67
0.68
0.72
0.69
0.71
0.64
0.63
0.71
0.61
0.87
0.59
0.70
0.75
0.65
0.75
0.78
0.83
0.72
0.64
0.72
0.68
0.81
0.70
0.70
0.74
0.76
0.66
0.76
0.75
0.77
0.80
0.77
0.73
0.74
0.71
0.68
0.76
0.72
0.67
0.69
0.83
0.76
0.80
0.82
0.83
0.78
0.75
0.77
0.80
0.78
0.78
0.76
0.75
0.85
0.83
0.81
0.72
0.75
0.82
0.87
0.78
0.81
0.84
0.77
0.83
0.80
0.85
0.91
0.76
0.82
0.88
0.81
0.88
0.83
0.78
0.87
0.91
0.78
0.80
0.86
0.80
0.85
0.84
0.90
0.79
0.82
0.88
0.91
0.87
0.88
0.94
0.83
0.88
0.78
0.83
0.98
0.86
0.80
0.94
0.84
0.88
0.88
0.82
0.92
0.82
0.81
0.92
0.81
0.83
0.88
0.83
0.81
0.90
0.84
0.84
0.88
0.91
0.83
0.85
0.80
0.95
0.83
0.84
0.81
0.88
0.82
0.83
0.87
0.83
0.80
0.85
0.84
0.85
0.80
0.81
0.82
0.85
0.80
0.82
0.92
0.84
0.84
0.80
0.74
0.81
0.76
0.81
0.83
0.80
0.79
0.84
0.84
0.82
0.86
0.86
0.80
0.85
0.80
0.85
0.80
0.85
0.73
0.73
0.74
0.85
0.86
0.79
0.77
0.82
0.92
0.88
0.64
0.71
0.92
0.76
0.79
0.74
0.76
0.89
0.78
0.79
0.87
0.76
0.72
0.82
0.84
0.81
0.81
0.79
0.74
0.87
0.78
0.75
0.78
0.74
0.79
0.83
0.74
0.81
0.73
0.71
0.85
0.81
0.75
0.74
0.77
0.82
0.77
0.69
0.77
0.79
0.76
0.70
0.70
0.80
0.80
0.61
0.84
0.71
0.78
0.72
0.78
0.66
0.66
0.67
0.80
0.72
0.70
0.62
0.71
0.73
0.72
0.64
0.60
0.68
0.65
0.59
0.70
0.63
0.63
0.64
0.62
0.65
0.58
0.62
0.65
0.63
0.48
0.62
0.50
0.57
0.56
0.53
0.52
0.57
0.53
0.49
0.57
0.53
0.46
0.53
0.44
0.43
0.51
0.46
0.48
0.48
0.35
0.48
0.44
0.47
0.50
0.36
0.35
0.44
0.49
0.38
0.37
0.36
0.38
0.38
0.31
0.25
0.30
0.49
0.38
0.15
0.25
0.27
0.36
0.26
0.23
0.16
0.30
0.30
0.31
0.21
0.28
0.14
0.37
0.15
0.19
0.20
0.21
0.23
0.32
0.23
0.20
0.19
0.28
0.25
0.16
0.27
0.25
0.18
0.25
0.16
0.13
0.31
0.34
0.28
0.25
0.22
0.23
0.27
0.33
0.27
0.16
0.23
0.19
0.31
0.38
0.34
0.22
0.19
0.27
0.25
0.35
0.18
0.32
0.39
0.36
0.22
0.26
0.30
0.29
0.25
0.30
0.32
0.41
0.32
0.35
0.21
0.33
0.33
0.27
0.28
0.33
0.30
0.43
0.46
0.17
0.34
0.26
0.27
0.25
0.32
0.31
0.42
0.36
0.47
0.23
0.34
0.26
0.49
0.41
0.45
0.39
0.27
0.42
0.62
0.38
0.37
0.51
0.51
0.29
0.51
0.49
0.40
0.35
0.48
0.45
0.47
0.51
0.34
0.05
0.28
0.84
0.36
0.05
0.31
0.52
0.38
0.26
0.32
0.43
0.46
0.33
0.27
0.29
0.35
0.33
0.28
0.29
0.30
0.31
0.31
0.32
0.32
0.27
0.26
0.31
0.35
0.32
0.24
0.23
0.30
0.33
0.33
0.23
0.25
0.32
0.27
0.19
0.22
0.36
0.30
0.14
0.19
0.30
0.28
0.21
0.24
0.32
0.30
0.22
0.18
0.27
0.27
0.22
0.18
0.20
0.32
0.26
0.20
0.21
0.22
0.28
0.21
0.17
0.27
0.25
0.09
0.18
0.25
0.27
0.27
0.15
0.15
0.24
0.27
0.23
0.29
0.29
0.11
0.08
0.13
0.22
0.21
0.18
0.16
0.15
0.19
0.26
0.33
0.47
0.27
0.05
-0.01
0.06
0.23
0.34
0.23
0.08
0.15
0.25
0.17
0.08
0.12
0.24
0.30
0.20
0.06
0.09
0.23
0.30
0.24
0.16
0.08
0.11
0.23
0.32
0.26
0.07
0.03
0.22
0.35
0.23
0.03
0.03
0.25
0.37
0.24
0.05
0.03
0.19
0.34
0.34
0.16
0.02
0.12
0.27
0.22
0.09
0.07
0.17
0.28
0.26
0.16
0.08
0.11
0.20
0.25
0.22
0.17
0.15
0.14
0.14
0.16
0.16
0.18
0.19
0.16
0.12
0.11
0.16
0.17
0.12
0.06
0.08
0.17
0.21
0.16
0.08
0.06
0.12
0.15
0.15
0.10
0.04
0.06
0.14
0.15
0.04
0.00
0.05
0.11
0.10
0.06
0.06
0.11
0.11
0.06
0.02
0.05
0.08
0.06
0.05
0.06
0.08
0.06
0.04
0.04
0.05
0.08
0.05
-0.02
-0.04
0.01
0.06
0.10
0.05
-0.01
-0.02
0.06
0.08
0.03
0.01
0.03
0.05
0.02
-0.04
-0.04
0.02
0.05
0.03
0.00
-0.02
0.00
0.03
0.00
-0.01
-0.00
0.01
-0.01
-0.05
-0.04
-0.00
0.00
-0.02
-0.03
-0.03
-0.01
0.01
-0.01
-0.06
-0.06
-0.02
0.01
0.01
-0.01
-0.04
-0.05
-0.03
-0.01
-0.02
-0.03
-0.03
-0.04
-0.06
-0.06
-0.03
-0.00
-0.03
-0.01
-0.00
-0.03
-0.06
-0.05
-0.03
-0.04
-0.04
-0.01
0.00
-0.03
-0.07
-0.04
-0.01
-0.03
-0.05
-0.04
0.00
-0.02
-0.09
-0.09
-0.02
0.01
-0.04
-0.07
-0.09
-0.06
-0.01
0.02
-0.01
-0.09
-0.15
-0.10
-0.02
-0.02
-0.06
-0.10
-0.09
-0.02
-0.02
-0.10
-0.15
-0.13
-0.07
-0.03
-0.03
-0.08
-0.13
-0.16
-0.10
-0.04
-0.04
-0.10
-0.14
-0.09
-0.03
-0.08
-0.17
-0.15
-0.10
-0.11
-0.15
-0.15
-0.12
-0.12
-0.13
-0.14
-0.17
-0.17
-0.12
-0.12
-0.17
-0.17
-0.15
-0.14
-0.14
-0.14
-0.15
-0.15
-0.16
-0.16
-0.13
-0.17
-0.20
-0.18
-0.11
-0.12
-0.19
-0.25
-0.19
-0.09
-0.15
-0.25
-0.22
-0.15
-0.11
-0.15
-0.21
-0.23
-0.19
-0.16
-0.18
-0.23
-0.22
-0.16
-0.14
-0.17
-0.21
-0.24
-0.25
-0.18
-0.11
-0.15
-0.24
-0.27
-0.19
-0.16
-0.20
-0.21
-0.21
-0.22
-0.19
-0.14
-0.19
-0.29
-0.29
-0.20
-0.14
-0.17
-0.30
-0.32
-0.19
-0.09
-0.19
-0.32
-0.31
-0.21
-0.17
-0.23
-0.30
-0.29
-0.23
-0.19
-0.25
-0.35
-0.29
-0.18
-0.18
-0.27
-0.30
-0.28
-0.27
-0.27
-0.29
-0.31
-0.32
-0.29
-0.28
-0.20
-0.15
-0.27
-0.42
-0.39
-0.22
-0.17
-0.25
-0.33
-0.30
-0.27
-0.23
-0.24
-0.32
-0.40
-0.26
-0.17
-0.16
-0.24
-0.28
-0.22
-0.22
-0.32
-0.38
-0.28
-0.10
0.03
