values=[ 
-4072, -12512, -12200
-4132, -12564, -12152
-4024, -12580, -12280
-3940, -12588, -12148
-4000, -12556, -12348
-4092, -12596, -12288
-4080, -12548, -12292
-3996, -12592, -12204
-4024, -12600, -12184
-4040, -12636, -12180
-4016, -12628, -12220
-4012, -12544, -12248
-4072, -12572, -12296
-3956, -12568, -12352
-3988, -12552, -12204
-3948, -12576, -12296
-4000, -12576, -12264
-3952, -12516, -12228
-3948, -12620, -12216
-3944, -12572, -12220
-3976, -12556, -12220
-3996, -12520, -12220
-3952, -12572, -12192
-3960, -12572, -12248
-4004, -12632, -12300
-4000, -12612, -12160
-3964, -12564, -12372
-3936, -12616, -12272
-3960, -12592, -12228
-3940, -12556, -12284
-3976, -12608, -12260
-3968, -12608, -12292
-3916, -12648, -12164
-3892, -12592, -12304
-3952, -12592, -12276
-3960, -12608, -12244
-3872, -12600, -12280
-3964, -12584, -12264
-3920, -12604, -12320
-3960, -12532, -12256
-3928, -12576, -12288
-3892, -12508, -12352
-3932, -12552, -12380
-3940, -12616, -12360
-3924, -12528, -12220
-3944, -12568, -12260
-3872, -12520, -12304
-3892, -12560, -12396
-3892, -12532, -12352
-3956, -12592, -12328
-3908, -12592, -12256
-3856, -12572, -12228
-3888, -12584, -12200
-3832, -12572, -12316
-3864, -12624, -12316
-3884, -12604, -12204
-3888, -12608, -12196
-3952, -12652, -12252
-3904, -12648, -12252
-3816, -12556, -12272
-3860, -12592, -12268
-3896, -12500, -12272
-3868, -12624, -12400
-3848, -12588, -12192
-3828, -12604, -12304
-3980, -12636, -12268
-3872, -12544, -12196
-3888, -12648, -12232
-3844, -12576, -12232
-3900, -12608, -12284
-3916, -12620, -12156
-3856, -12616, -12256
-3840, -12664, -12356
-3816, -12576, -12344
-3876, -12604, -12328
-3856, -12564, -12168
-3876, -12540, -12304
-3872, -12620, -12260
-3892, -12608, -12248
-3828, -12488, -12344
-3912, -12528, -12308
-3820, -12572, -12204
-3836, -12596, -12340
-3848, -12588, -12204
-3844, -12560, -12196
-3848, -12584, -12348
-3908, -12520, -12204
-3780, -12612, -12260
-3748, -12644, -12260
-3828, -12536, -12248
-3808, -12556, -12272
-3836, -12516, -12360
-3780, -12540, -12364
-3864, -12564, -12296
-3840, -12632, -12320
-3720, -12684, -12264
-3852, -12536, -12292
-3808, -12612, -12412
-3840, -12608, -12280
-3864, -12600, -12272
-3808, -12656, -12264
-3776, -12536, -12236
-3748, -12548, -12268
-3852, -12596, -12280
-3740, -12604, -12352
-3804, -12572, -12312
-3776, -12612, -12384
-3776, -12632, -12328
-3816, -12588, -12308
-3820, -12668, -12300
-3828, -12604, -12288
-3772, -12576, -12320
-3792, -12588, -12268
-3836, -12584, -12344
-3764, -12604, -12340
-3764, -12580, -12324
-3808, -12600, -12440
-3748, -12560, -12148
-3748, -12572, -12260
-3740, -12624, -12144
-3788, -12532, -12244
-3756, -12572, -12280
-3792, -12564, -12292
-3884, -12552, -12300
-3764, -12536, -12216
-3784, -12636, -12396
-3748, -12584, -12336
-3752, -12628, -12176
-3748, -12600, -12316
-3672, -12532, -12328
-3752, -12588, -12328
-3832, -12600, -12308
-3840, -12588, -12276
-3800, -12536, -12288
-3772, -12548, -12256
-3744, -12592, -12304
-3728, -12544, -12220
-3764, -12544, -12324
-3880, -12592, -12188
-3780, -12552, -12248
-3768, -12544, -12304
-3832, -12572, -12288
-3724, -12572, -12248
-3832, -12592, -12288
-3748, -12616, -12320
-3772, -12616, -12284
-3772, -12568, -12308
-3744, -12612, -12232
-3776, -12540, -12240
-3776, -12564, -12256
-3796, -12636, -12220
-3760, -12588, -12240
-3764, -12524, -12212
-3808, -12568, -12256
-3732, -12524, -12228
-3680, -12572, -12348
-3696, -12584, -12296
-3804, -12552, -12316
-3748, -12620, -12272
-3756, -12620, -12244
-3756, -12568, -12236
-3764, -12612, -12312
-3724, -12572, -12340
-3728, -12592, -12272
-3736, -12580, -12264
-3692, -12604, -12296
-3716, -12520, -12260
-3780, -12616, -12260
-3776, -12632, -12324
-3732, -12640, -12248
-3708, -12576, -12320
-3748, -12600, -12400
-3792, -12624, -12352
-3692, -12620, -12292
-3696, -12508, -12288
-3732, -12528, -12264
-3728, -12552, -12212
-3716, -12572, -12288
-3716, -12540, -12240
-3720, -12592, -12292
-3712, -12632, -12204
-3684, -12512, -12320
-3708, -12580, -12296
-3684, -12604, -12224
-3668, -12572, -12288
-3680, -12508, -12292
-3716, -12596, -12300
-3720, -12568, -12340
-3720, -12568, -12256
-3744, -12576, -12304
-3716, -12616, -12316
-3652, -12504, -12368
-3732, -12520, -12240
-3716, -12604, -12384
-3708, -12580, -12352
-3768, -12592, -12292
-3636, -12560, -12332
-3740, -12572, -12336
-3732, -12548, -12240
-3744, -12564, -12180
-3716, -12576, -12356
-3712, -12544, -12332
-3680, -12624, -12284
-3724, -12544, -12296
-3716, -12592, -12328
-3700, -12600, -12244
-3732, -12588, -12220
-3648, -12612, -12304
-3648, -12504, -12268
-3724, -12588, -12320
-3764, -12612, -12240
-3704, -12616, -12268
-3672, -12568, -12304
-3672, -12544, -12304
-3672, -12568, -12220
-3724, -12568, -12316
-3580, -12544, -12228
-3724, -12560, -12384
-3684, -12520, -12148
-3672, -12528, -12228
-3684, -12600, -12316
-3704, -12592, -12380
-3700, -12576, -12228
-3696, -12576, -12336
-3680, -12564, -12332
-3688, -12640, -12316
-3744, -12568, -12264
-3800, -12612, -12320
-3720, -12612, -12272
-3744, -12588, -12256
-3672, -12620, -12268
-3720, -12604, -12296
-3668, -12596, -12316
-3740, -12624, -12260
-3732, -12560, -12388
-3664, -12560, -12368
-3724, -12528, -12324
-3696, -12620, -12232
-3740, -12560, -12244
-3736, -12584, -12256
-3676, -12596, -12400
-3676, -12572, -12248
-3736, -12576, -12448
-3692, -12528, -12344
-3700, -12580, -12340
-3660, -12612, -12332
-3692, -12608, -12304
-3716, -12532, -12292
-3656, -12608, -12336
-3720, -12592, -12316
-3720, -12600, -12388
-3628, -12576, -12312
-3704, -12620, -12348
-3676, -12568, -12240
-3736, -12592, -12304
-3752, -12608, -12320
-3680, -12652, -12300
-3660, -12628, -12404
-3732, -12548, -12276
-3652, -12592, -12284
-3700, -12576, -12356
-3700, -12572, -12220
-3668, -12548, -12372
-3664, -12624, -12312
-3656, -12576, -12364
-3708, -12584, -12308
-3700, -12652, -12252
-3652, -12580, -12336
-3636, -12660, -12372
-3668, -12612, -12256
-3648, -12648, -12240
-3668, -12556, -12336
-3700, -12644, -12272
-3740, -12568, -12292
-3664, -12592, -12272
-3712, -12588, -12324
-3668, -12612, -12304
-3608, -12560, -12412
-3632, -12568, -12220
-3668, -12596, -12296
-3616, -12584, -12400
-3604, -12632, -12248
-3620, -12548, -12212
-3632, -12616, -12228
-3648, -12616, -12364
-3648, -12660, -12304
-3612, -12572, -12296
-3696, -12540, -12312
-3624, -12560, -12248
-3612, -12576, -12300
-3592, -12632, -12372
-3704, -12564, -12380
-3656, -12600, -12292
-3684, -12568, -12208
-3676, -12564, -12308
-3652, -12524, -12372
-3620, -12576, -12292
-3628, -12644, -12324
-3664, -12520, -12244
-3564, -12548, -12336
-3700, -12536, -12280
-3676, -12572, -12324
-3680, -12560, -12296
-3700, -12512, -12276
-3660, -12604, -12340
-3640, -12572, -12360
-3660, -12644, -12308
-3596, -12556, -12248
-3672, -12556, -12280
-3648, -12548, -12304
-3608, -12572, -12340
-3668, -12604, -12356
-3648, -12564, -12288
-3592, -12592, -12272
-3592, -12532, -12320
-3652, -12596, -12268
-3632, -12516, -12272
-3640, -12536, -12272
-3636, -12540, -12336
-3584, -12552, -12268
-3692, -12600, -12324
-3624, -12584, -12352
-3612, -12488, -12300
-3628, -12560, -12400
-3628, -12540, -12224
-3628, -12552, -12280
-3680, -12560, -12324
-3648, -12580, -12368
-3668, -12508, -12292
-3664, -12612, -12348
-3592, -12656, -12412
-3644, -12548, -12288
-3628, -12592, -12332
-3692, -12612, -12332
-3628, -12524, -12316
-3672, -12576, -12336
-3668, -12572, -12296
-3592, -12548, -12232
-3648, -12532, -12336
-3624, -12588, -12276
-3644, -12604, -12252
-3624, -12596, -12332
-3648, -12556, -12352
-3672, -12628, -12348
-3608, -12620, -12272
-3608, -12576, -12332
-3600, -12576, -12276
-3624, -12564, -12432
-3624, -12556, -12332
-3592, -12572, -12328
-3572, -12548, -12344
-3612, -12616, -12252
-3640, -12632, -12260
-3636, -12584, -12408
-3656, -12596, -12340
-3568, -12564, -12328
-3628, -12588, -12312
-3644, -12552, -12344
-3608, -12556, -12320
-3564, -12596, -12272
-3600, -12556, -12340
-3656, -12620, -12368
-3588, -12576, -12316
