values=[ 
 -8148, -11468, -11976
 -8096, -11596, -11892
 -8192, -11644, -11860
 -8136, -11644, -12052
 -8140, -11640, -11936
 -8148, -11612, -11924
 -8128, -11604, -11944
 -8284, -11796, -12040
 -8236, -11676, -12080
 -8156, -11652, -12000
 -8032, -11644, -11872
 -8028, -11660, -11956
 -8084, -11672, -11912
 -8036, -11696, -11956
 -8032, -11604, -11956
 -7996, -11648, -11912
 -8036, -11664, -11980
 -7980, -11692, -12064
 -8020, -11696, -12008
 -7924, -11644, -12076
 -7968, -11648, -11996
 -7920, -11648, -11948
 -7976, -11656, -11952
 -7924, -11636, -12020
 -7960, -11636, -12068
 -7932, -11652, -11964
 -7932, -11692, -12132
 -7872, -11664, -11856
 -7964, -11640, -12076
 -7880, -11704, -12044
 -7956, -11772, -12124
 -7884, -11716, -12120
 -7876, -11692, -12044
 -7848, -11700, -12216
 -7856, -11676, -12036
 -7908, -11708, -12000
 -7848, -11680, -12068
 -7816, -11700, -12088
 -7756, -11696, -12136
 -7792, -11688, -12080
 -7888, -11712, -12020
 -7796, -11700, -12072
 -7748, -11696, -12100
 -7768, -11728, -12004
 -7792, -11716, -12064
 -7768, -11728, -12076
 -7756, -11768, -12052
 -7700, -11692, -11952
 -7736, -11812, -11932
 -7760, -11748, -12156
 -7688, -11680, -12048
 -7732, -11720, -11976
 -7696, -11764, -12012
 -7732, -11724, -12124
 -7732, -11696, -12092
 -7696, -11760, -12116
 -7688, -11756, -12060
 -7712, -11724, -12028
 -7552, -11780, -11972
 -7684, -11776, -12140
 -7628, -11724, -12084
 -7680, -11796, -12052
 -7712, -11744, -12148
 -7612, -11820, -12096
 -7608, -11788, -12144
 -7624, -11744, -12008
 -7588, -11760, -12024
 -7628, -11740, -11996
 -7628, -11816, -12132
 -7664, -11856, -12156
 -7600, -11792, -12132
 -7636, -11804, -11956
 -7624, -11784, -12024
 -7512, -11640, -12024
 -7548, -11812, -12200
 -7620, -11828, -12048
 -7624, -11828, -12012
 -7496, -11784, -12164
 -7568, -11868, -12092
 -7612, -11836, -12112
 -7604, -11896, -12072
 -7492, -11840, -12124
 -7556, -11812, -12068
 -7504, -11824, -12108
 -7492, -11800, -12100
 -7516, -11768, -12120
 -7448, -11784, -12032
 -7456, -11848, -12072
 -7484, -11860, -12084
 -7536, -11832, -12152
 -7460, -11828, -12088
 -7496, -11808, -12056
 -7440, -11796, -12120
 -7440, -11776, -12112
 -7444, -11860, -12180
 -7484, -11836, -12108
 -7440, -11820, -12116
 -7520, -11984, -12240
 -7504, -11860, -12228
 -7448, -11864, -12184
 -7456, -11844, -12104
 -7432, -11824, -12056
 -7396, -11792, -12156
 -7484, -11940, -12200
 -7456, -11844, -12212
 -7448, -11852, -12176
 -7384, -11872, -12100
 -7392, -11748, -11972
 -7416, -11984, -12108
 -7396, -11824, -12076
 -7352, -11832, -12184
 -7356, -11840, -12112
 -7308, -11752, -12140
 -7392, -11800, -12104
 -7420, -11812, -12152
 -7392, -11792, -12212
 -7284, -11772, -12072
 -7364, -11832, -12096
 -7328, -11788, -12104
 -7340, -11816, -12048
 -7372, -11884, -12212
 -7344, -11800, -12108
 -7332, -11832, -12132
 -7388, -11848, -12120
 -7348, -11880, -12180
 -7340, -11892, -12232
 -7336, -11776, -12144
 -7300, -11920, -12148
 -7352, -11912, -12188
 -7308, -11868, -12212
 -7368, -11876, -12152
 -7264, -11888, -12148
 -7280, -11876, -12144
 -7312, -11860, -12116
 -7380, -11876, -12068
 -7280, -11872, -12136
 -7320, -11860, -12180
 -7372, -11968, -12140
 -7248, -11808, -12156
 -7320, -11888, -12156
 -7344, -11844, -12132
 -7256, -11812, -12104
 -7288, -11860, -12172
 -7300, -11912, -12088
 -7280, -11876, -12144
 -7272, -11864, -12172
 -7244, -11796, -12172
 -7296, -11856, -12092
 -7192, -11864, -12144
 -7244, -11744, -12140
 -7236, -11936, -12080
 -7208, -11844, -12184
 -7232, -11860, -12036
 -7256, -11924, -12064
 -7216, -11868, -12128
 -7212, -11884, -12248
 -7236, -11860, -12216
 -7168, -11864, -12188
 -7140, -11856, -12104
 -7220, -11860, -12140
 -7200, -11996, -12088
 -7212, -11908, -12244
 -7224, -11924, -12088
 -7160, -11852, -11988
 -7156, -11932, -12232
 -7196, -11972, -12176
 -7276, -11860, -12164
 -7180, -11892, -12216
 -7144, -11776, -12104
 -7208, -11848, -12132
 -7156, -11908, -12208
 -7220, -11900, -12124
 -7160, -11888, -12220
 -7188, -11892, -12208
 -7192, -11868, -12080
 -7108, -11808, -12232
 -7184, -11880, -12116
 -7140, -11768, -12184
 -7168, -11960, -12212
 -7156, -11992, -12184
 -7164, -11840, -12140
 -7164, -11904, -12096
 -7128, -11928, -12204
 -7176, -11940, -12216
 -7168, -11928, -12192
 -7112, -11876, -12100
 -7188, -11884, -12236
 -7136, -11948, -12176
 -7120, -11900, -12236
 -7076, -11916, -12272
 -7228, -11912, -12220
 -7136, -12000, -12224
 -7080, -11912, -12224
 -7108, -11848, -12168
 -7112, -11948, -12108
 -7092, -11888, -12164
 -7124, -11888, -12184
 -7100, -11924, -12228
 -7108, -11900, -12052
 -7124, -11876, -12244
 -7116, -11948, -12112
 -7136, -11928, -12200
 -6988, -11868, -12044
 -7148, -11924, -12220
 -7056, -11940, -12188
 -7096, -11872, -12080
 -7116, -11972, -12096
 -7072, -11924, -12216
 -7036, -11900, -12200
 -7000, -11924, -12180
 -7092, -11908, -12292
 -7072, -11916, -12172
 -7044, -11964, -12264
 -7036, -11948, -12244
 -7072, -11864, -12140
 -7012, -11972, -12228
 -7012, -11944, -12320
 -7092, -11916, -12272
 -7052, -11948, -12092
 -7088, -11916, -12200
 -7036, -11916, -12200
 -7080, -11976, -12356
 -7096, -11952, -12216
 -7000, -11920, -12264
 -7120, -11896, -12176
 -7072, -11972, -12116
 -7080, -11980, -12152
 -7032, -11896, -12284
 -6972, -11900, -12192
 -7008, -11872, -12248
 -7036, -11908, -12224
 -7084, -11944, -12116
 -7060, -12036, -12264
 -7004, -11940, -12184
 -7012, -11840, -12140
 -7020, -11968, -12268
 -7092, -11896, -12124
 -7016, -11900, -12220
 -7004, -11984, -12240
 -6984, -11928, -12204
 -6968, -11904, -12200
 -6944, -11892, -12368
 -7056, -11908, -12284
 -6932, -11920, -12144
 -7004, -11904, -12136
 -6984, -11968, -12268
 -6916, -11932, -12288
 -6968, -11920, -12160
 -7020, -11924, -12184
 -6988, -11952, -12196
 -6980, -11904, -12152
 -6976, -11944, -12092
 -6972, -11936, -12304
 -7052, -12020, -12208
 -6972, -11844, -12128
 -6984, -11940, -12160
 -6948, -11924, -12224
 -6936, -11924, -12232
 -7048, -12040, -12180
 -6920, -11876, -12200
 -6928, -11932, -12240
 -6944, -11900, -12164
 -6904, -11968, -12128
 -6976, -11976, -12252
 -6988, -11952, -12144
 -6968, -11924, -12132
 -6916, -11908, -12168
 -6968, -11948, -12184
 -6968, -11900, -12164
 -6920, -11808, -12192
 -6984, -11892, -12236
 -6896, -11912, -12184
 -6992, -11972, -12120
 -6888, -11912, -12220
 -6920, -11884, -12260
 -6996, -11880, -12160
 -6912, -11968, -12224
 -6920, -11940, -12280
 -6904, -11988, -12252
 -6944, -11940, -12260
 -6996, -11976, -12160
 -6872, -11964, -12268
 -6860, -11916, -12304
 -6964, -11904, -12200
 -6980, -11960, -12224
 -6872, -11956, -12280
 -6972, -12000, -12264
 -6928, -11972, -12284
 -6860, -11904, -12148
 -6948, -11968, -12304
 -6904, -11980, -12204
 -6960, -11972, -12260
 -6908, -11940, -12212
 -6856, -12008, -12304
 -6880, -11976, -12240
 -6852, -11932, -12252
 -6880, -11888, -12324
 -6872, -11968, -12244
 -6868, -11916, -12268
 -6840, -11928, -12284
 -6892, -11944, -12124
 -6888, -11956, -12224
 -6876, -11952, -12284
 -6944, -11988, -12288
 -6928, -12068, -12144
 -6880, -12020, -12164
 -6960, -11952, -12204
 -6892, -12000, -12220
 -6872, -11916, -12240
 -6836, -11928, -12172
 -6836, -11908, -12156
 -6860, -11972, -12264
 -6868, -11952, -12276
 -6900, -11952, -12244
 -6848, -11884, -12236
 -6880, -11916, -12252
 -6908, -11892, -12184
 -6892, -11996, -12268
 -6952, -12044, -12284
 -6868, -11964, -12132
 -6920, -11940, -12256
 -6868, -11996, -12220
 -6860, -11968, -12228
 -6848, -12044, -12328
 -6852, -11944, -12272
 -6812, -11840, -12204
 -6832, -11944, -12232
 -6796, -11952, -12312
 -6856, -11940, -12280
 -6868, -12040, -12256
 -6848, -11960, -12232
 -6784, -11888, -12224
 -6880, -11956, -12264
 -6844, -11972, -12312
 -6872, -11928, -12308
 -6836, -11904, -12148
 -6736, -11824, -12072
 -6820, -11944, -12200
 -6836, -11948, -12268
 -6804, -11976, -12280
 -6800, -11976, -12348
 -6808, -12000, -12240
 -6776, -11884, -12284
 -6820, -11912, -12316
 -6848, -12004, -12204
 -6848, -11948, -12212
 -6916, -12076, -12332
